[
    [1690466400000,29469.15,29474.15,29443.88,29443.88],
    [1690468200000,29440.16,29440.16,29402.06,29402.06],
    [1690470000000,29388.31,29395.28,29372.68,29372.68],
    [1690471800000,29332.95,29332.95,29295.58,29316.62],
    [1690473600000,29312.62,29342.33,29312.59,29333.01],
    [1690475400000,29327.96,29339.31,29268.93,29268.93],
    [1690477200000,29280.55,29318.28,29280.55,29304.69],
    [1690479000000,29275.79,29279.76,29212.77,29240.48],
    [1690480800000,29274.52,29274.52,29220.38,29227.56],
    [1690482600000,29218.41,29220.11,29188.46,29197.17],
    [1690484400000,29177.25,29178.75,29094.51,29178.75],
    [1690486200000,29143.27,29164.43,29130.03,29158.4],
    [1690488000000,29141.9,29155.35,29120.61,29155.35],
    [1690489800000,29162.64,29169.6,29154.79,29156.69],
    [1690491600000,29155.63,29155.63,29145.25,29148.53],
    [1690493400000,29146.41,29177.38,29146.41,29177.38],
    [1690495200000,29167.12,29222.03,29167.12,29189.96],
    [1690497000000,29190.05,29311.58,29190.05,29227.44],
    [1690498800000,29202.17,29211.22,29200.96,29200.96],
    [1690500600000,29194.39,29194.39,29183.27,29189.52],
    [1690502400000,29185.85,29210.93,29185.85,29200.24],
    [1690504200000,29201.24,29235.58,29201.24,29235.58],
    [1690506000000,29232.01,29255.65,29232.01,29255.65],
    [1690507800000,29271.26,29280.36,29253.8,29275.08],
    [1690509600000,29274.4,29276.09,29271.38,29276.09],
    [1690511400000,29274.4,29274.4,29237.8,29237.8],
    [1690513200000,29216.5,29216.5,29193.96,29193.96],
    [1690515000000,29213.05,29219.13,29209.23,29219.13],
    [1690516800000,29225.45,29261.89,29225.13,29225.13],
    [1690518600000,29248.19,29248.19,29220.83,29220.83],
    [1690520400000,29223.59,29242.8,29223.59,29242.77],
    [1690522200000,29259.34,29259.34,29227.53,29228.35],
    [1690524000000,29221.44,29221.44,29159.65,29159.65],
    [1690525800000,29172.59,29193.57,29151.2,29185.18],
    [1690527600000,29191.17,29194.91,29176.63,29177.06],
    [1690529400000,29179.27,29179.92,29164.87,29167.36],
    [1690531200000,29175.05,29175.05,29139.11,29144.26],
    [1690533000000,29128.6,29155.94,29126.59,29155.94],
    [1690534800000,29172.66,29174.42,29155.78,29155.78],
    [1690536600000,29158.76,29159.01,29119.27,29128.32],
    [1690538400000,29137.31,29202.31,29137.31,29202.31],
    [1690540200000,29213.27,29218.94,29209.27,29216.49],
    [1690542000000,29212.95,29217.48,29193.3,29211.71],
    [1690543800000,29212.1,29212.1,29191.88,29191.88],
    [1690545600000,29195.43,29225.57,29191.34,29222.65],
    [1690547400000,29224.23,29263.2,29221.84,29257.97],
    [1690549200000,29270.91,29297.26,29268.18,29297.26],
    [1690551000000,29302.58,29302.58,29268.07,29268.07],
    [1690552800000,29280.4,29280.4,29280.4,29280.4]
]